verbose = True
screen_drift = [0.07, 0.07, 0, 0]

run_classic_arena = True
run_tagteam_arena = True
run_live_arena = True
run_dungeons = True
run_factionwars = True
run_demonlord = True
run_hydra = True
run_chimera = True
run_doomtower = True
run_cursedcity = True
run_grimforest = True
run_effective_unit_leveling = False

daily_tasks_dungeons = [dungeon= shogun, level = 25, energy = 60]

classic_arena_verbose = True
classic_arena_multi_refresh = True
classic_arena_num_multi_refresh = 0
classic_arena_power_threshold = 500000
classic_arena_use_gems = False
classic_arena_enemies_lost = [0, 1.1, 1.0, 1.2, 1.3, 1.4, 200680.0, 53000.0, 481120.0, 482220.0, 485440.0, 378320.0, 119830.0, 223670.0, 280540.0, 286590.0, 493750.0, 450360.0, 429940.0, 371810.0, 347270.0, 360300.0, 452780.0, 477300.0, 180090.0, 458810.0, 305380.0, 69000.0, 327920.0, 4000.0, 6000.0, 475080.0, 9000.0, 51000.0, 458360.0, 7000.0, 388320.0, 31000.0, 3000.0, 97000.0, 423370.0, 404940.0, 54000.0, 113240.0, 368050.0, 400960.0, 287350.0, 353300.0, 307230.0, 427130.0, 342540.0, 8000.0, 79070.0, 448630.0, 56000.0, 484390.0, 77000.0, 358610.0, 337150.0, 407980.0, 62000.0, 65000.0, 476020.0, 58000.0, 244750.0, 418290.0, 357190.0, 465130.0, 71000.0, 832.0, 390650.0, 234610.0, 297260.0, 74000.0, 459780.0, 363730.0, 375260.0, 628.1, 304750.0, 479420.0, 472760.0, 484050.0, 340810.0, 350060.0, 287930.0, 390150.0, 466140.0, 485210.0, 468460.0, 34000.0, 96000.0, 379120.0, 459600.0, 1000.0, 15000.0, 420770.0, 439900.0, 476360.0, 412100.0, 355800.0, 412150.0, 276000.0, 245380.0, 278720.0, 465550.0, 12000.0, 440330.0, 437500.0, 418610.0, 292060.0, 400130.0, 471420.0, 86000.0, 59000.0, 488170.0, 300660.0, 323560.0, 99000.0, 345840.0, 400820.0, 276050.0, 326520.0, 475980.0, 449130.0, 98000.0, 446130.0, 417250.0, 210420.0, 489670.0, 304160.0, 368870.0, 374660.0, 466290.0, 427450.0, 81000.0, 185190.0, 95000.0, 213040.0, 5000.0, 223200.0, 10, 214040.0, 75000.0, 300410.0, 649.0, 267890.0, 133540.0, 63000.0, 26000.0, 89293.0, 341470.0, 317540.0, 22000.0, 298970.0, 323720.0, 337680.0, 249890.0, 284250.0, 129669.99999999999, 252460.0, 198640.0, 290400.0, 320130.0, 255360.0, 67000.0, 36570.0, 18000.0, 78000.0, 299970.0, 339190.0, 254390.0, 267010.0, 28000.0, 43640.0, 48000.0, 334250.0, 46000.0, 346360.0, 263720.0, 68000.0, 43000.0, 70690.0, 802.0, 55000.0, 160430.0, 66000.0, 609.0, 109020.0, 261630.0, 2000.0, 347190.0, 261260.0, 322630.0, 330420.0, 282640.0, 89000.0, 39000.0, 869.0, 42000.0, 310550.0, 242900.0, 262120.0, 257510.0, 234910.0, 33000.0, 326560.0, 84099.0, 87000.0, 300970.0, 61000.0, 155850.0, 241800.0, 269320.0, 44000.0, 288490.0, 314260.0, 335790.0, 88000.0, 196310.0, 347550.0, 332650.0, 313760.0, 301880.0, 159730.0, 271930.0, 315650.0, 317180.0, 327270.0, 287470.0, 320690.0, 330360.0, 333500.0, 330990.0, 52000.0, 345400.0, 241070.0, 326500.0, 349040.0, 227780.0, 64000.0, 243690.0, 262070.0, 331940.0, 36000.0, 333740.0, 337960.0, 229890.0, 346470.0, 311380.0, 297550.0, 340140.0, 275610.0, 183530.0, 339980.0, 283760.0, 316840.0, 309000.0, 339330.0, 256480.00000000003, 341310.0, 90610.0, 211420.0, 322940.0, 344470.0, 239460.0, 324690.0, 169630.0, 269860.0, 285900.0, 294750.0, 200110.0, 219290.0, 99611.0, 241710.0, 337000.0, 32000.0, 38000.0, 226470.0, 315180.0, 79000.0, 292050.0, 120540.0, 310530.0, 267150.0, 345420.0, 230180.0, 305650.0, 196590.0, 305740.0, 241730.0, 224410.0, 299520.0, 344950.0, 262010.0, 342390.0, 117740.0, 280920.0, 280570.0, 294990.0, 289550.0, 349160.0, 349500.0, 336690.0, 94000.0, 247130.0, 246700.0, 278150.0, 304220.0, 292200.0, 346610.0, 326230.0, 71599.0, 41000.0, 13000.0, 245660.0, 285260.0, 272590.0, 336360.0, 302640.0, 217970.0, 326950.0, 284190.0, 339020.0, 265900.0, 49940.0, 246480.0, 204240.0, 321030.0, 18080.0, 249110.0, 147970.0, 279450.0, 347870.0, 587.0, 326170.0, 344170.0, 247390.0, 241830.0, 142220.0, 343280.0, 347540.0, 128050.00000000001, 349250.0, 317700.0, 346920.0, 310140.0, 336450.0, 267980.0, 308570.0, 329950.0, 345290.0, 322200.0, 276580.0, 260399.99999999997, 315540.0, 338570.0, 324410.0, 320310.0, 381620.0, 382310.0, 341140.0, 378750.0, 369390.0, 330670.0, 370160.0, 318430.0, 306890.0, 372010.0, 322120.0, 255080.0, 490940.0, 346130.0, 388720.0, 296170.0, 372570.0, 469050.0, 451060.0, 479690.0, 356850.0, 264410.0, 481150.0, 326240.0, 303880.0, 433260.0, 406790.0, 291290.0, 374370.0, 434460.0, 470820.0, 385360.0, 451260.0, 343870.0, 395880.0, 457610.0, 414900.0, 366480.0, 468360.0, 331380.0, 454610.0, 351030.0, 432010.0, 253710.0, 404620.0, 458790.0, 425160.0, 379280.0, 354460.0, 284600.0, 421770.0, 453230.0, 479000.0, 451610.0, 320660.0, 290710.0, 327520.0, 326330.0, 425300.0, 399840.0, 436000.0, 479360.0, 405400.0, 376100.0, 460420.0, 491900.0, 411680.0, 390860.0, 417690.0, 488250.0, 422360.0, 461160.0, 441170.0, 314740.0, 385830.0, 337750.0, 407100.0, 366850.0, 244370.0, 477020.0, 325550.0, 464180.0, 387840.0, 254880.0, 257730.00000000003, 350450.0, 477790.0, 393800.0, 420080.0, 440880.0, 426250.0, 353330.0, 420660.0, 297640.0, 394610.0, 457020.0, 238720.0, 263330.0, 293610.0, 378620.0, 309780.0, 431570.0, 325680.0, 225520.0, 282400.0, 364290.0, 459520.0, 352520.0, 405030.0, 416110.0, 390790.0, 339610.0, 382640.0, 342830.0, 377010.0, 331160.0, 398820.0, 366540.0, 348940.0, 383240.0, 447550.0, 264620.0, 254030.0, 449470.0, 383010.0, 472920.0, 256730.00000000003, 481050.0, 430270.0, 432520.0, 363380.0, 485380.0, 484680.0, 453010.0, 189530.0, 397660.0, 368890.0, 226590.0, 234660.0, 366920.0, 279410.0, 367420.0]

live_arena_verbose = True
live_arena_use_gems = True
live_arena_use_gems_max_amount = 20
live_arena_memory = {"champion_pick_order": ['Armanz','Arbiter','Leonardo','Raphael','Yumeko','Donatello','Elva','Geomancer'],"champion_ban_order_modes": ['SpeedLead','FirstUnit'],"champion_lead_order_modes": ['SpeedLead','FirstUnit']}

tagteam_arena_verbose = True
tagteam_arena_multi_refresh = True
tagteam_arena_num_multi_refresh = 0
tagteam_arena_power_threshold = 3000000
tagteam_arena_use_gems = True
tagteam_arena_use_gems_max_amount = 1
tagteam_arena_enemies_lost = [[0, 1.1, 1.0, 1.2], [1, 1, 1.3, 1.4], [10, 10, 10, 10], [958120.0, 289280.0, 294160.0, 374700.0], [1270000.0, 364280.0, 357530.0, 552570.0], [1130000.0, 502310.0, 370950.0, 266630.0], [1140000.0, 362090.0, 353360.0, 433970.0], [1140000.0, 422.0, 415980.0, 304230.0], [1170000.0, 403750.0, 410870.0, 364810.0], [1270000.0, 370570.0, 517130.0, 391770.0], [1130000.0, 384830.0, 366520.0, 385380.0], [1270000.0, 472410.0, 470930.0, 329990.0], [1160000.0, 366970.0, 381910.0, 415370.0], [1140000.0, 407660.0, 415380.0, 321880.0], [1220000.0, 434490.0, 435680.0, 359840.0], [1260000.0, 414560.0, 453550.0, 398530.0], [1200000.0, 337100.0, 431280.0, 434140.0], [1270000.0, 461260.0, 517190.00000000006, 298630.0], [1040000.0, 322310.0, 409620.0, 314310.0], [1080000.0, 380320.0, 423960.0, 278480.0], [1220000.0, 373490.0, 417110.0, 431740.0], [1260000.0, 462690.0, 451820.0, 345850.0], [1260000.0, 437090.0, 445470.0, 381800.0], [1030000.0, 362650.0, 376580.0, 300310.0], [1170000.0, 464610.0, 365090.0, 349350.0], [1180000.0, 284410.0, 455120.0, 445690.0], [1210000.0, 432940.0, 461290.0, 324730.0], [1150000.0, 329430.0, 441570.0, 388840.0], [1170000.0, 339280.0, 450720.0, 380560.0], [1160000.0, 333510.0, 331660.0, 500350.0], [1180000.0, 399000.0, 456560.0, 330580.0], [1140000.0, 350150.0, 370190.0, 428670.0], [1190000.0, 285210.0, 383210.0, 528330.0], [1280000.0, 450960.0, 443830.0, 387850.0], [1240000.0, 419240.0, 418510.0, 409760.0], [1220000.0, 638690.0, 290130.0, 295410.0], [1140000.0, 409200.0, 379780.0, 359770.0], [1160000.0, 415480.0, 342380.0, 403710.0], [1200000.0, 350910.0, 531870.0, 325900.0], [1250000.0, 535580.0, 352370.0, 367320.0], [1270000.0, 537470.0, 406600.0, 335880.0], [1150000.0, 424600.0, 361240.0, 370340.0], [1050000.0, 464700.0, 317220.0, 273530.0], [1240000.0, 382990.0, 362840.0, 500490.0], [1140000.0, 266120.0, 527410.0, 346760.0], [1270000.0, 415250.0, 415040.0, 443610.0], [1240000.0, 329730.0, 441510.0, 473190.0], [1250000.0, 311100.0, 524680.0, 416970.0], [1190000.0, 391840.0, 383390.0, 416560.0], [1250000.0, 463430.0, 385520.0, 401940.0], [1030000.0, 288640.0, 311050.0, 432950.0], [1100000.0, 363090.0, 431640.0, 309180.0], [1190000.0, 352770.0, 512140.0, 331090.0], [1170000.0, 426360.0, 485910.0, 260130.0], [949890.0, 287190.0, 271390.0, 391330.0], [952960.0, 309880.0, 399530.0, 243560.0], [1270000.0, 433740.0, 374620.0, 469980.0], [1280000.0, 540030.0, 367.1, 372860.0], [1280000.0, 457260.0, 450680.0, 374730.0], [1270000.0, 488310.0, 341080.0, 440810.0], [1270000.0, 329510.0, 495140.0, 446770.0], [1210000.0, 389290.0, 347840.0, 473470.0], [927570.0, 355270.0, 202890.0, 369420.0], [1020000.0, 470760.0, 457420.0, 92323.0], [880480.0, 293010.0, 253080.0, 334410.0], [1280000.0, 459890.0, 325830.0, 498330.0], [1220000.0, 388210.0, 355380.0, 483550.0], [1240000.0, 348420.0, 485460.0, 413970.0], [1270000.0, 342580.0, 475420.0, 457260.0], [1280000.0, 462980.0, 355500.0, 463540.0], [1280000.0, 458870.0, 311560.0, 517010.0], [1180000.0, 342850.0, 499880.0, 342210.0], [1160000.0, 460590.0, 366230.0, 342120.0], [959920.0, 388970.0, 249520.0, 321440.0], [1220000.0, 311220.0, 366390.0, 551620.0], [1190000.0, 486330.0, 362130.0, 349830.0], [1120000.0, 510590.0, 314640.0, 297420.0], [1170000.0, 477870.0, 332850.0, 362190.0], [1110000.0, 392050.0, 387940.0, 334210.0], [1280000.0, 341890.0, 417480.0, 523309.99999999994], [1280000.0, 435550.0, 449390.0, 395520.0], [1030000.0, 316880.0, 504790.0, 208760.0], [1200000.0, 490490.0, 342000.0, 371040.0], [1280000.0, 415510.0, 519350.0, 348970.0], [1080000.0, 423210.0, 361890.0, 296930.0], [1170000.0, 447840.0, 386000.0, 342340.0], [1110000.0, 354120.0, 368060.0, 393700.0], [1090000.0, 318840.0, 349910.0, 426510.0], [1250000.0, 422510.0, 483210.0, 351960.0], [984540.0, 352160.0, 301780.0, 330610.0], [1100000.0, 388170.0, 299260.0, 415310.0], [1060000.0, 258209.99999999997, 396.1, 414380.0], [1240000.0, 424890.0, 391110.0, 432800.0], [1240000.0, 306320.0, 455860.0, 479460.0], [1190000.0, 412150.0, 417510.0, 367700.0], [1240000.0, 455860.0, 427780.0, 360330.0], [1030000.0, 293860.0, 316230.0, 429350.0], [1170000.0, 431580.0, 395880.0, 352190.0], [1020000.0, 330150.0, 302730.0, 396710.0], [932440.0, 323690.0, 292390.0, 316370.0], [1040000.0, 351110.0, 353140.0, 344050.0], [1120000.0, 385060.0, 326370.0, 417900.0], [1210000.0, 364740.0, 519440.00000000006, 327870.0], [1260000.0, 353700.0, 474840.0, 437540.0], [1210000.0, 601840.0, 271620.0, 341500.0], [1120000.0, 290800.0, 449170.0, 389120.0], [1210000.0, 376060.0, 495000.0, 345240.0], [1030000.0, 394510.0, 263580.0, 380200.0], [1020000.0, 266710.0, 440740.0, 315680.0], [1270000.0, 358020.0, 496550.0, 419570.0], [1010000.0, 303870.0, 305230.0, 404820.0], [1220000.0, 477810.0, 354310.0, 394630.0], [1210000.0, 367760.0, 383820.0, 466910.0], [1250000.0, 400660.0, 424840.0, 430480.0], [1260000.0, 464760.0, 304060.0, 496460.0], [1100000.0, 328940.0, 442260.0, 333350.0], [1190000.0, 380750.0, 368510.0, 448610.0], [1240000.0, 387940.0, 450190.0, 411320.0], [1140000.0, 316320.0, 430790.0, 395910.0], [1030000.0, 333900.0, 303010.0, 399090.0], [874280.0, 251970.0, 297890.0, 324440.0], [1210000.0, 402090.0, 371750.0, 443690.0], [1240000.0, 470410.0, 380490.0, 393310.0], [1210000.0, 506.0, 257459.99999999997, 453480.0], [1190000.0, 407190.0, 409780.0, 378670.0], [944250.0, 354670.0, 319810.0, 269790.0], [1060000.0, 341280.0, 370110.0, 351810.0], [1250000.0, 444220.0, 480170.0, 327120.0], [1040000.0, 288720.0, 411580.0, 348690.0], [1260000.0, 419840.0, 457490.0, 392580.0], [1150000.0, 454910.0, 361.5, 336140.0], [1260000.0, 659660.0, 322310.0, 281090.0], [1210000.0, 353290.0, 430000.0, 430560.0], [1240000.0, 457580.0, 423250.0, 361820.0], [1180000.0, 417660.0, 348180.0, 418690.0], [936820.0, 221490.0, 387470.0, 327880.0], [1140000.0, 422.0, 354980.0, 367050.0], [1120000.0, 263950.0, 501910.0, 358470.0], [1220000.0, 328960.0, 562930.0, 336430.0], [1170000.0, 317710.0, 447460.0, 406550.0], [1160000.0, 314020.0, 506540.0, 344400.0], [1250000.0, 324790.0, 514890.0, 420290.0], [1270000.0, 534260.0, 460790.0, 283120.0], [1170000.0, 357300.0, 372310.0, 442430.0], [1180000.0, 321640.0, 550360.0, 316140.0], [1260000.0, 394270.0, 512919.99999999994, 360070.0], [1110000.0, 411060.0, 355080.0, 352210.0], [1170000.0, 382730.0, 401990.0, 392280.0], [993450.0, 339980.0, 361720.0, 291760.0], [1200000.0, 299300.0, 467850.0, 436820.0], [1140000.0, 332940.0, 456110.0, 357030.0], [1260000.0, 346690.0, 556980.0, 359240.0], [1170000.0, 382730.0, 404810.0, 392280.0], [1170000.0, 373640.0, 358820.0, 445010.0], [1200000.0, 403360.0, 329370.0, 475130.0], [1180000.0, 365810.0, 374000.0, 444720.0], [1130000.0, 521289.99999999994, 378890.0, 239650.0], [1270000.0, 543950.0, 351810.0, 381440.0], [1080000.0, 342280.0, 293680.0, 449770.0], [1260000.0, 361280.0, 320670.0, 586490.0], [1270000.0, 321370.0, 624430.0, 334020.0], [1270000.0, 383450.0, 395490.0, 496060.0], [1180000.0, 400210.0, 474630.0, 307290.0], [1130000.0, 308080.0, 400240.0, 429520.0], [1090000.0, 375760.0, 439190.0, 282560.0], [1110000.0, 243540.0, 272400.0, 594460.0], [1160000.0, 338.0, 395060.0, 434460.0], [1180000.0, 351810.0, 456470.0, 381310.0], [1070000.0, 384320.0, 270270.0, 422.0], [1090000.0, 287570.0, 342230.0, 461760.0], [1070000.0, 313860.0, 448490.0, 312280.0], [1100000.0, 355940.0, 300310.0, 450960.0], [963570.0, 375350.0, 335110.0, 253130.0], [1120000.0, 450440.0, 249750.0, 427260.0], [1180000.0, 426290.0, 348260.0, 414470.0], [1100000.0, 352200.0, 379620.0, 371.0], [1170000.0, 360760.0, 533950.0, 276.0], [2400000.0, 633300.0, 914500.0, 855530.0], [1720000.0, 380640.0, 814400.0, 529.0], [1170000.0, 527370.0, 318810.0, 327830.0], [1940000.0, 522200.00000000006, 543440.0, 881260.0], [1250000.0, 486290.0, 292570.0, 478610.0], [1660000.0, 539170.0, 456380.0, 673690.0], [1630000.0, 574280.0, 614050.0, 447660.0], [1550000.0, 591250.0, 428990.0, 535260.0], [2069999.9999999998, 610520.0, 619560.0, 844500.0], [1560000.0, 593940.0, 406200.0, 569140.0], [1720000.0, 429620.0, 747280.0, 552780.0], [1520000.0, 700800.0, 425180.0, 401180.0], [1580000.0, 659460.0, 401300.0, 528910.0], [2190000.0, 791980.0, 760320.0, 643630.0], [1330000.0, 409160.0, 338010.0, 591930.0], [1610000.0, 654080.0, 494300.0, 469910.0], [1540000.0, 696870.0, 438590.0, 409210.0], [1680000.0, 483240.0, 625870.0, 575750.0], [2060000.0, 816160.0, 553120.0, 696110.0], [1580000.0, 400440.0, 674320.0, 509.0], [1790000.0, 539330.0, 613260.0, 642480.0], [1600000.0, 616.0, 61341000.0, 371920.0], [1870000.0, 469630.0, 576190.0, 829830.0], [1530000.0, 599430.0, 459260.0, 475530.0], [1360000.0, 445580.0, 408060.0, 508800.0], [1530000.0, 501660.0, 461520.0, 576560.0], [2049999.9999999998, 937370.0, 550540.0, 568290.0], [1960000.0, 641500.0, 685240.0, 639650.0], [1500000.0, 436680.0, 594280.0, 471340.0], [2009999.9999999998, 668860.0, 834180.0, 508760.0], [1980000.0, 774600.0, 712210.0, 494480.0], [1610000.0, 450710.0, 519909.99999999994, 649310.0], [1360000.0, 493840.0, 398310.0, 472390.0], [1310000.0, 659770.0, 273750.0, 386170.0], [1910000.0, 475980.0, 823720.0, 617990.0], [1540000.0, 607510.0, 531220.0, 406850.0], [1670000.0, 612020.0, 640300.0, 421080.0], [1980000.0, 756660.0, 651820.0, 575360.0], [1750000.0, 393550.0, 805850.0, 560250.0], [948270.0, 297170.0, 332070.0, 319.0], [1330000.0, 350100.0, 542830.0, 438430.0], [1510000.0, 581780.0, 435630.0, 493020.0], [1730000.0, 617250.0, 469120.0, 652120.0], [2040000.0, 631610.0, 582570.0, 834050.0], [1320000.0, 422900.0, 390670.0, 507150.0], [1310000.0, 439520.0, 429350.0, 449230.0], [2170000.0, 850200.0, 702380.0, 624650.0], [1600000.0, 410060.0, 445130.0, 753080.0], [1540000.0, 534350.0, 506090.0, 505650.0], [1590000.0, 702380.0, 572700.0, 318510.0], [1370000.0, 409020.0, 394870.0, 574720.0], [1210000.0, 407130.0, 395560.0, 410590.0], [1340000.0, 466590.0, 430800.0, 451410.0], [1660000.0, 525630.0, 573880.0, 560890.0], [2130000.0, 571100.0, 676190.0, 886220.0], [1640000.0, 521909.99999999994, 500010.0, 619.0], [1150000.0, 388050.0, 395010.0, 367.0], [1380000.0, 439090.0, 429970.0, 511480.0], [1660000.0, 694200.0, 464640.0, 504810.0], [2380000.0, 1010000.0, 652580.0, 724450.0], [1670000.0, 655280.0, 461130.0, 555300.0], [1570000.0, 455460.0, 447650.0, 667430.0], [1630000.0, 463510.0, 489430.0, 680650.0], [1180000.0, 463920.0, 409730.0, 315670.0], [1520000.0, 444150.0, 694840.0, 385950.0], [1520000.0, 47745000.0, 388050.0, 656280.0], [1370000.0, 422350.0, 481430.0, 467140.0], [1780000.0, 552220.0, 617610.0, 614980.0], [1580000.0, 362930.0, 709740.0, 509210.0], [1510000.0, 478890.0, 458120.0, 574740.0], [1510000.0, 503.0, 366280.0, 642950.0], [1600000.0, 632210.0, 430770.0, 542.0], [1380000.0, 350370.0, 624270.0, 411980.0], [1580000.0, 486820.0, 625690.0, 476130.0], [1850000.0, 607160.0, 661080.0, 588070.0], [1910000.0, 618.0, 616530.0, 684240.0], [1540000.0, 569700.0, 520100.0, 454960.0], [1680000.0, 609000.0, 457930.0, 617230.0], [1010000.0, 357910.0, 371590.0, 281400.0], [1670000.0, 720660.0, 368670.0, 585760.0], [1770000.0, 526320.0, 51271000.0, 738550.0], [1340000.0, 513280.0, 455690.0, 380090.0], [2049999.9999999998, 784830.0, 564210.0, 710730.0], [2440000.0, 1000000.0, 890820.0, 452040.0], [1730000.0, 704260.0, 468930.0, 561590.0], [1760000.0, 745040.0, 634800.0, 389220.0], [1700000.0, 609510.0, 642870.0, 449760.0], [1700000.0, 522750.0, 569330.0, 616890.0], [1000000.0, 389900.0, 296200.0, 415180.0], [1.0, 530810.0, 618060.0, 356550.0], [1610000.0, 485980.0, 347550.0, 777700.0], [1180000.0, 527820.0, 378620.0, 280070.0], [1210000.0, 486520.0, 336500.0, 391160.0], [1920000.0, 595820.0, 441980.0, 889420.0], [2160000.0, 849460.0, 834840.0, 482770.0], [1870000.0, 436910.0, 749700.0, 687380.0], [2180000.0, 853840.0, 729640.0, 604590.0], [2110000.0, 626650.0, 975120.0, 513659.99999999994], [1930000.0, 613110.0, 705820.0, 621030.0], [1690000.0, 818170.0, 431730.0, 443590.0], [1.0, 650110.0, 414320.0, 440880.0], [1.0, 397930.0, 635540.0, 470330.0], [2150000.0, 877800.0, 521100.0, 759330.0], [1270000.0, 512140.0, 413040.0, 350280.0], [1010000.0, 372120.0, 320810.0, 322260.0], [1110000.0, 318770.0, 395180.0, 404000.0], [1730000.0, 506420.0, 641500.0, 591440.0], [1790000.0, 577660.0, 634000.0, 584010.0], [1270000.0, 436250.0, 464380.0, 370330.0], [1.0, 566560.0, 416820.0, 524159.99999999994], [1920000.0, 542460.0, 809560.0, 577360.0], [2210000.0, 939200.0, 792060.0, 481000.0], [2080000.0, 810730.0, 556120.0, 714450.0], [1510000.0, 570080.0, 456820.0, 491040.0], [1690000.0, 807520.0, 486580.0, 405220.0], [2150000.0, 742480.0, 645720.0, 765470.0], [1510000.0, 381140.0, 659990.0, 476800.0], [1350000.0, 622130.0, 361170.0, 374680.0], [2029999.9999999998, 614280.0, 626320.0, 792820.0], [2089999.9999999998, 672820.0, 688930.0, 732520.0], [1.0, 442700.0, 416140.0, 641910.0], [1270000.0, 402540.0, 382570.0, 485180.0], [1670000.0, 634790.0, 547110.0, 496180.0], [2300000.0, 903850.0, 958160.0, 438640.0], [1510000.0, 524660.0, 580180.0, 410820.0], [1570000.0, 602510.0, 494810.0, 475080.0], [1610000.0, 533510.0, 515700.00000000006, 570240.0], [1470000.0, 369240.0, 531680.0, 570220.0], [1350000.0, 655450.0, 261820.0, 440370.0], [1780000.0, 565230.0, 653270.0, 570290.0], [1370000.0, 412180.0, 501540.0, 459430.0], [1950000.0, 547880.0, 56241000.0, 842470.0], [1180000.0, 529840.0, 378620.0, 280070.0], [1740000.0, 523250.0, 653600.0, 563860.0], [1710000.0, 709650.0, 478190.0, 527850.0], [1780000.0, 650430.0, 609090.0, 526570.0], [1650000.0, 428430.0, 500890.0, 724500.0], [1470000.0, 378390.0, 43247000.0, 659360.0], [1610000.0, 638080.0, 438500.0, 543220.0], [2410000.0, 1000000.0, 629690.0, 691420.0], [1190000.0, 352080.0, 522720.0, 324640.0], [1910000.0, 797200.0, 486580.0, 632730.0], [1750000.0, 551510.0, 511980.0, 696080.0], [1090000.0, 425260.0, 365480.0, 299430.0], [1900000.0, 906040.0, 540170.0, 460830.0], [1200000.0, 380200.0, 520280.0, 308260.0], [1910000.0, 693070.0, 740200.0, 476850.0], [1610000.0, 687400.0, 534490.0, 389490.0], [2089999.9999999998, 857170.0, 746500.0, 489850.0], [1980000.0, 840570.0, 61841000.0, 523460.00000000006], [1980000.0, 674240.0, 765740.0, 548760.0], [2020000.0, 700040.0, 555510.0, 770400.0], [1690000.0, 504570.0, 464760.0, 726160.0], [2200000.0, 945310.0, 413480.0, 846500.0], [1690000.0, 433220.0, 757400.0, 506290.0], [1410000.0, 606890.0, 420800.0, 385990.0], [1600000.0, 529150.0, 554570.0, 524520.0], [1.0, 493200.0, 342820.0, 672370.0], [1180000.0, 366530.0, 518100.0, 299560.0], [1270000.0, 396750.0, 436470.0, 443110.0], [1770000.0, 639380.0, 505520.0, 626220.0], [1930000.0, 600860.0, 593620.0, 737100.0], [1.0, 268730.0, 518870.0, 716490.0], [1930000.0, 730990.0, 415030.0, 789950.0], [1340000.0, 362330.0, 471780.0, 511140.0], [1930000.0, 570930.0, 786590.0, 581250.0], [1750000.0, 609380.0, 408920.0, 738860.0], [2120000.0, 792260.0, 742730.0, 592120.0], [1940000.0, 495420.0, 957820.0, 487520.0], [1990000.0, 630270.0, 530680.0, 829910.0], [2020000.0, 852350.0, 623980.0, 547040.0], [1410000.0, 433800.0, 486450.0, 492030.0], [1.0, 439290.0, 475990.0, 593120.0], [1740000.0, 770200.0, 451300.0, 520539.99999999994], [1690000.0, 437350.0, 806740.0, 450770.0], [1760000.0, 423960.0, 544170.0, 792160.0], [1700000.0, 395180.0, 591250.0, 722520.0], [1790000.0, 567380.0, 624820.0, 601470.0], [2040000.0, 600290.0, 660270.0, 789220.0], [1730000.0, 634100.0, 553750.0, 550610.0], [1300000.0, 531360.0, 422090.0, 354260.0], [1.0, 365510.0, 538640.0, 598910.0], [1730000.0, 593860.0, 691210.0, 453080.0], [2040000.0, 907450.0, 666300.0, 468460.0], [1210000.0, 558920.0, 305920.0, 351650.0], [1200000.0, 517020.0, 344220.0, 347680.0], [1510000.0, 358320.0, 679930.0, 478150.0], [1750000.0, 587170.0, 504520.0, 664400.0], [1310000.0, 400990.0, 422130.0, 487190.0], [1.0, 440500.0, 494870.0, 566170.0], [1870000.0, 411540.0, 562970.0, 904590.0], [1810000.0, 654490.0, 674800.0, 488850.0], [1940000.0, 561170.0, 673900.0, 705450.0], [1140000.0, 315980.0, 309150.0, 517169.99999999994], [1690000.0, 968220.0, 359050.0, 366790.0], [2270000.0, 819220.0, 958550.0, 501820.0], [1070000.0, 390340.0, 460850.0, 228740.0], [1.0, 506230.0, 569670.0, 424460.0], [1710000.0, 632190.0, 742630.0, 343410.0], [2009999.9999999998, 579100.0, 498970.0, 941670.0], [1790000.0, 709840.0, 458070.0, 628930.0], [883220.0, 291500.0, 294520.0, 297220.0], [1200000.0, 435100.0, 398850.0, 366280.0], [1120000.0, 430410.0, 320510.0, 376080.0], [1980000.0, 654860.0, 799030.0, 528220.0], [1930000.0, 835010.0, 679370.0, 425090.0], [1340000.0, 331420.0, 404090.0, 610760.0], [1310000.0, 384170.0, 344580.0, 588190.0], [1650000.0, 642440.0, 444390.0, 568740.0], [1690000.0, 368660.0, 803260.0, 520690.00000000006], [1900000.0, 487580.0, 912320.0, 1000.0], [2080000.0, 788590.0, 729240.0, 571300.0], [1300000.0, 428940.0, 581090.0, 291790.0], [1210000.0, 459680.0, 385730.0, 371780.0], [2230000.0, 941650.0, 469460.0, 822150.0], [1570000.0, 438400.0, 467300.0, 671270.0], [1750000.0, 544410.0, 479380.0, 729060.0], [2000000.0, 495440.0, 570210.0, 940140.0], [1760000.0, 660760.0, 498650.0, 605880.0], [1130000.0, 349620.0, 446750.0, 340420.0], [1340000.0, 421960.0, 483080.0, 442710.0], [1.0, 416250.0, 508780.0, 579960.0], [1140000.0, 471370.0, 363440.0, 306490.0], [1610000.0, 630260.0, 471510.0, 509670.0], [1740000.0, 605520.0, 718700.0, 419710.0], [1760000.0, 779760.0, 437500.0, 547450.0], [1610000.0, 464630.0, 772890.0, 381780.0], [1730000.0, 823430.0, 504850.0, 404800.0], [1510000.0, 442120.0, 508090.0, 564560.0], [1870000.0, 803990.0, 503710.0, 562490.0], [1.0, 559410.0, 463490.0, 478160.0], [1520000.0, 381830.0, 582310.0, 559980.0], [1010000.0, 361560.0, 269200.0, 388520.0], [1620000.0, 459280.0, 601550.0, 565140.0], [2000000.0, 567250.0, 787440.0, 653810.0], [1340000.0, 579590.0, 340770.0, 426200.0], [1330000.0, 526440.0, 399300.0, 409610.0], [1300000.0, 553870.0, 322740.0, 425810.0], [1910000.0, 729670.0, 601050.0, 584090.0], [1500000.0, 358010.0, 415650.0, 731900.0], [1560000.0, 537340.0, 636390.0, 389610.0], [1760000.0, 451600.0, 767990.0, 547590.0], [1390000.0, 457740.0, 520669.99999999994, 413310.0], [1520000.0, 597040.0, 389730.0, 542490.0], [1340000.0, 521250.0, 450720.0, 373460.0], [1210000.0, 288830.0, 520549.99999999994, 408820.0], [1520000.0, 508900.0, 576520.0, 442980.0], [1250000.0, 483960.0, 426420.0, 347550.0], [1110000.0, 449360.0, 340370.0, 328190.0], [1610000.0, 475440.0, 503360.0, 641100.0], [1600000.0, 465300.0, 529370.0, 612600.0], [1680000.0, 571840.0, 535570.0, 577590.0], [1730000.0, 501850.0, 645260.0, 591950.0], [2210000.0, 963930.0, 694930.0, 554810.0], [1580000.0, 569700.0, 388510.0, 626160.0], [1540000.0, 716870.0, 424560.0, 400460.0], [2120000.0, 688580.0, 640180.0, 792750.0], [1250000.0, 460740.0, 288080.0, 506910.0], [1310000.0, 458490.0, 334430.0, 525780.0], [1750000.0, 626230.0, 666880.0, 465260.0], [1520000.0, 454320.0, 607860.0, 466530.0], [1690000.0, 535770.0, 628410.0, 528340.0], [1310000.0, 390320.0, 562030.0, 361460.0], [1670000.0, 479080.0, 671140.0, 528160.0], [1560000.0, 415710.0, 731140.0, 418310.0], [2360000.0, 875830.0, 664590.0, 828610.0], [1780000.0, 584640.0, 593240.0, 602820.0], [1760000.0, 534140.0, 500100.0, 726730.0], [2360000.0, 699270.0, 744860.0, 916540.0], [1730000.0, 578560.0, 624310.0, 531770.0], [1200000.0, 452000.0, 355860.0, 393370.0], [1400000.0, 526800.0, 429270.0, 445710.0], [1300000.0, 449790.0, 373330.0, 481060.0], [1900000.0, 498690.0, 740770.0, 662270.0], [1880000.0, 697380.0, 673400.0, 514190.00000000006], [1110000.0, 399290.0, 297410.0, 418330.0], [1700000.0, 741570.0, 484300.0, 478500.0], [1530000.0, 513650.0, 384520.0, 637210.0], [1570000.0, 661750.0, 475690.0, 442530.0], [1170000.0, 321210.0, 456370.0, 401730.0], [1540000.0, 518320.00000000006, 396870.0, 630650.0], [1740000.0, 528440.0, 682540.0, 537670.0], [1810000.0, 570370.0, 719750.0, 523159.99999999994], [2460000.0, 955510.0, 838810.0, 672180.0], [1660000.0, 464740.0, 376360.0, 826360.0], [1590000.0, 535980.0, 442090.0, 614500.0], [1680000.0, 556280.0, 391930.0, 732650.0], [1570000.0, 670810.0, 504190.0, 401910.0], [1210000.0, 399520.0, 479730.0, 330970.0], [1630000.0, 779140.0, 415240.0, 439910.0], [2130000.0, 787260.0, 645690.0, 698260.0], [1960000.0, 652330.0, 691170.0, 622140.0], [1400000.0, 442260.0, 397750.0, 561840.0], [1750000.0, 482770.0, 617780.0, 654620.0], [2049999.9999999998, 617280.0, 746210.0, 689630.0], [1350000.0, 432320.0, 347160.0, 579990.0], [2210000.0, 884370.0, 873300.0, 455500.0], [992200.0, 315440.0, 323430.0, 353340.0], [1740000.0, 745500.0, 512640.0, 481920.0], [1390000.0, 393600.0, 511680.0, 489340.0], [1280000.0, 405500.0, 405260.0, 475170.0], [1760000.0, 540750.0, 519350.0, 703460.0], [1390000.0, 529630.0, 444290.0, 417650.0], [1660000.0, 563210.0, 475950.0, 628260.0], [1120000.0, 433690.0, 339510.0, 347740.0], [1310000.0, 414510.0, 494820.0, 408590.0], [1970000.0, 971180.0, 549140.0, 456910.0], [1350000.0, 377610.0, 441470.0, 540380.0], [1620000.0, 656990.0, 405020.0, 559680.0], [1210000.0, 375840.0, 354140.0, 482020.0], [1360000.0, 359650.0, 424360.0, 583450.0], [1370000.0, 518159.99999999994, 403480.0, 454870.0], [1530000.0, 472490.0, 598580.0, 46442000.0], [1530000.0, 561710.0, 548420.0, 425120.0], [1720000.0, 533320.0, 480210.0, 711000.0], [1570000.0, 533320.0, 521140.0, 518580.00000000006], [1440000.0, 474800.0, 381340.0, 585340.0], [1960000.0, 736120.0, 580070.0, 646190.0], [1540000.0, 590220.0, 458790.0, 497250.0], [1950000.0, 485140.0, 656550.0, 816640.0], [1300000.0, 466710.0, 317820.0, 516049.99999999994], [1840000.0, 685090.0, 400090.0, 755640.0], [1840000.0, 475710.0, 757660.0, 607610.0], [1320000.0, 586360.0, 441290.0, 298420.0], [1530000.0, 378230.0, 697970.0, 457150.0], [1700000.0, 641070.0, 604300.0, 461620.0], [1430000.0, 406200.0, 493040.0, 540500.0], [1290000.0, 565690.0, 337670.0, 394560.0], [1890000.0, 727610.0, 551610.0, 611330.0], [2040000.0, 761640.0, 757490.0, 526310.0], [1560000.0, 610580.0, 549320.0, 408460.0], [1630000.0, 624710.0, 551560.0, 462720.0], [2049999.9999999998, 529560.0, 972430.0, 556020.0], [1600000.0, 646890.0, 453540.0, 504850.0], [1840000.0, 816570.0, 527670.0, 502930.0], [1280000.0, 367140.0, 471770.0, 443480.0], [1560000.0, 336680.0, 652760.0, 57641000.0], [1530000.0, 516450.00000000006, 476790.0, 538510.0], [1100000.0, 328800.0, 438910.0, 340060.0], [1380000.0, 469580.0, 497690.0, 419760.0], [1460000.0, 491280.0, 406270.0, 571150.0], [1230000.0, 492040.0, 388880.0, 358330.0], [1270000.0, 508600.0, 385120.0, 380310.0], [1510000.0, 656200.0, 431800.0, 426490.0], [2000000.0, 662720.0, 671980.0, 670650.0], [1490000.0, 581550.0, 445690.0, 464030.0], [1710000.0, 438110.0, 786440.0, 494420.0], [1200000.0, 402080.0, 395170.0, 410090.0], [1630000.0, 656570.0, 432880.0, 549840.0], [1530000.0, 568510.0, 424200.0, 543250.0], [1310000.0, 523200.00000000006, 455760.0, 334880.0], [1270000.0, 394380.0, 405800.0, 478900.0], [1600000.0, 600820.0, 508070.0, 493360.0], [1960000.0, 846480.0, 614330.0, 506740.0], [1690000.0, 504460.0, 708690.0, 485470.0], [1540000.0, 388950.0, 669480.0, 488920.0], [1510000.0, 543070.0, 472110.0, 498640.0], [1680000.0, 426230.0, 601760.0, 657060.0], [2110000.0, 505980.0, 798420.0, 815370.0], [1800000.0, 437110.0, 740470.0, 628740.0], [2110000.0, 1100000.0, 448620.0, 572940.0], [1370000.0, 431790.0, 570030.0, 376190.0], [2770000.0, 1180000.0, 1150000.0, 452950.0], [2009999.9999999998, 727830.0, 570780.0, 720050.0], [1660000.0, 712220.0, 593260.0, 363600.0], [1890000.0, 444740.0, 798100.0, 650780.0], [1950000.0, 547370.0, 816270.0, 595130.0], [1510000.0, 575190.0, 400670.0, 539170.0], [1230000.0, 381910.0, 416160.0, 438240.0], [1100000.0, 429520.0, 370650.0, 303870.0], [1670000.0, 652640.0, 567550.0, 452480.0], [1640000.0, 592350.0, 624940.0, 428740.0], [1720000.0, 585570.0, 400870.0, 736980.0], [2069999.9999999998, 522730.0, 800090.0, 752720.0]]

dungeons_verbose = True
dungeons_iron_twins_priority = True
dungeons_essence_priority = 'shogun'
dungeons_defaults_available = ["fire_knight","dragon","spider","ice_golem",'sand_devil', 'shogun', 'minotaur', 'event_dungeon']
dungeons_difficulty = 'normal'
dungeons_fusion_difficulty = 'normal'
dungeons_dungeon = 'event_dungeon'
dungeons_eventdungeon_level = 29

demon_lord_verbose = True
demon_lord_player_names = ["TrollPatrol69", "TrollPetrol3"]
demon_lord_difficulty_order = ['UNM', 'NM', 'Brutal','Hard']

hydra_verbose = True
hydra_player_names = ["TrollPatrol69", "TrollPetrol3"]
hydra_difficulty_order = ['Nightmare', 'Brutal', 'Hard']
hydra_thresholds = {"Nightmare": 250, "Brutal": 350, "Hard": 130}
hydra_manual_play_enabled = False

chimera_verbose = True
chimera_player_names = ["TrollPatrol69", "TrollPetrol3"]
chimera_difficulty_order = ['NM','Brutal']
chimera_threshold = 70

faction_wars_verbose = True
faction_wars_farm_stages = {'Banner Lords': [6, 'hard'], 'Barbarians': [13, 'hard'], 'Dark Elves': [10, 'hard'], 'Demonspawn': [2, 'hard'], 'Dwarves': [15, 'hard'], 'High Elves': [2, 'hard'], 'Knight Revenant': [8, 'hard'], 'Lizardmen': [2, 'hard'], 'Ogryn Tribes': [2, 'hard'], 'Orcs': [6, 'hard'], 'Sacred Order': [4, 'hard'], 'Undead Hordes': [6, 'hard'], 'Shadowkin': [9, 'hard'], 'Skinwalkers': [18, 'normal'], 'Sylvan Watchers': [6, 'hard']}
faction_wars_farm_superraid = False
faction_wars_progress_mode_factions = ['Banner Lords', 'Barbarians', 'Dark Elves', 'Dwarves', 'High Elves', 'Ogryn Tribes', 'Orcs', 'Sacred Order', 'Undead Hordes', 'Shadowkin', 'Skinwalkers', 'Sylvan Watchers']

doom_tower_verbose = True
doom_tower_setup_build_names = {'Waves': 'Waves', 'Magma Dragon': 'Magma Dragon', 'Frost Spider': 'Frost Spider', 'Nether Spider': 'Nether Spider', 'Scarab King': 'Scarab King', 'Eternal Dragon': 'Eternal Dragon', 'Bommal': 'Bommal', 'Dark Fae': 'Dark Fae', 'Gryphon': 'Gryphon'}
doom_tower_setup = {"difficulty": "hard", "only_farming": True }

# map-mode execution_mode: "initialize_only" or "normal"
cursed_city_verbose = True
cursed_city_setup = {"execution_mode": "normal", "difficulty": "hard", "entry_border": "west", "entry_vertical_anchor": "middle", "rows_above_start": 1, "rows_below_start": 1, "zoom_steps": 4, "horizontal_steps": 3, "vertical_steps": 2, "pan_strength": 1.0, "enable_saved_map_localization": True, "saved_map_localization_min_score": 0.83, "saved_map_localization_move_limit": 24}

grim_forest_verbose = True
grim_forest_setup = {"execution_mode": "normal", "difficulty": "hard", "alternate_difficulty": True, "entry_border": "east", "entry_vertical_anchor": "middle", "rows_above_start": 1, "rows_below_start": 1, "zoom_steps": 4, "horizontal_steps": 12, "vertical_steps": 2, "pan_strength": 1.0, "corner_pushes": 1, "enable_saved_map_localization": True, "saved_map_localization_min_score": 0.83, "saved_map_localization_move_limit": 24}

classic_arena_pushrank = False
tagteam_arena_pushrank = False
